data_matrix( 1, 1:2) = [2 6.091995];
data_matrix( 2, 1:2) = [4 140.914945];
data_matrix( 3, 1:2) = [8 72.749478];
data_matrix( 4, 1:2) = [16 195.567656];
data_matrix( 5, 1:2) = [32 664.242216];
data_matrix( 6, 1:2) = [64 33531.788588];
data_matrix( 7, 1:2) = [128 28538.332563];
data_matrix( 8, 1:2) = [256 24390.871687];
data_matrix( 9, 1:2) = [512 108001.138867];
data_matrix( 10, 1:2) = [1024 374794.723595];
data_matrix( 11, 1:2) = [2048 424193.516294];
data_matrix( 12, 1:2) = [4096 18293639.294890]